-5.05000 80.02193 80.02749 80.00426
-5.00000 80.04215 80.00221 80.00763
-4.95000 80.00676 79.98704 79.98741
-4.90000 80.02698 79.99715 80.00426
-4.85000 79.99665 79.98199 79.99752
-4.80000 79.97137 80.02749 80.00594
-4.75000 79.99159 79.99715 80.00426
-4.70000 80.01687 80.04771 80.01942
-4.65000 80.00171 80.03254 80.01943
-4.60000 79.95115 79.96682 79.97730
-4.55000 80.00676 80.01232 80.01100
-4.50000 79.99159 80.01738 80.00594
-4.45000 80.00171 80.02749 80.00258
-4.40000 80.00171 80.00727 80.01437
-4.35000 80.00171 79.99715 79.99752
-4.30000 79.99665 79.98199 79.98235
-4.25000 79.98148 79.98199 79.98909
-4.20000 79.99159 79.96682 79.98403
-4.15000 79.97137 79.99715 79.98066
-4.10000 80.01687 79.95671 79.97730
-4.05000 79.99665 79.97188 79.98741
-4.00000 80.04720 79.96177 79.99246
-3.95000 79.98148 79.98704 79.98235
-3.90000 80.00676 80.01738 80.00932
-3.85000 80.02698 80.01232 79.99920
-3.80000 80.04215 79.95166 79.99415
-3.75000 80.02193 79.97188 79.99078
-3.70000 80.01687 79.97188 79.99246
-3.65000 80.04720 79.98704 80.00931
-3.60000 80.01687 80.03254 80.02279
-3.55000 79.99159 79.97693 79.99078
-3.50000 80.01687 79.97188 79.98572
-3.45000 80.01182 79.96177 79.97561
-3.40000 80.06237 79.98704 80.01100
-3.35000 80.03709 79.99715 80.00594
-3.30000 79.99665 79.96682 79.96382
-3.25000 80.00171 79.96177 79.97056
-3.20000 80.02698 79.97693 80.00089
-3.15000 80.02193 79.93649 79.97224
-3.10000 80.00676 79.94155 79.97898
-3.05000 80.01687 80.00221 79.99583
-3.00000 79.99665 79.98199 79.97224
-2.95000 80.00676 79.95166 79.97898
-2.90000 80.05731 80.00727 80.02448
-2.85000 80.04720 79.96682 80.00089
-2.80000 80.02193 79.95671 79.98909
-2.75000 80.00676 79.96682 79.98741
-2.70000 80.03709 79.92133 79.98067
-2.65000 80.03204 80.00727 80.00932
-2.60000 80.01687 79.97693 79.99415
-2.55000 80.03709 79.95671 79.99415
-2.50000 80.07248 79.98704 80.02279
-2.45000 80.04215 79.98199 80.02111
-2.40000 80.07753 79.96682 80.01942
-2.35000 80.05731 79.97188 80.01100
-2.30000 80.05226 79.95671 80.00257
-2.25000 80.05731 80.02749 80.03796
-2.20000 80.05226 79.96177 80.01774
-2.15000 80.05226 79.98199 80.02280
-2.10000 80.06742 80.01232 80.03627
-2.05000 80.03709 80.01232 80.02111
-2.00000 80.09775 80.01232 80.04975
-1.95000 80.05226 79.97693 80.04133
-1.90000 80.03204 80.00221 80.01943
-1.85000 80.04720 79.98199 80.02785
-1.80000 80.04215 79.96682 80.00257
-1.75000 80.03709 79.97188 80.01942
-1.70000 80.03709 80.00727 80.03459
-1.65000 80.04720 79.98199 80.02111
-1.60000 80.08259 79.97188 80.03459
-1.55000 80.04215 79.99715 80.03290
-1.50000 80.03204 79.97693 80.01437
-1.45000 80.02193 79.93649 80.00594
-1.40000 80.04720 80.03254 80.04638
-1.35000 80.03709 79.99210 80.03290
-1.30000 80.04720 80.00727 80.03628
-1.25000 79.98148 79.99210 80.01942
-1.20000 80.01182 80.00727 80.02280
-1.15000 80.02193 80.00727 80.02111
-1.10000 80.04215 80.01738 80.04133
-1.05000 80.01182 80.00221 80.03628
-1.00000 80.03204 79.97693 80.00426
-0.95000 80.02698 79.97693 80.03290
-0.90000 79.98654 79.98704 80.00594
-0.85000 79.99159 79.98199 80.00426
-0.80000 80.01687 80.01738 80.02617
-0.75000 80.01182 79.98704 80.01774
-0.70000 80.02698 79.99210 80.00931
-0.65000 79.96126 79.96177 79.97224
-0.60000 79.98148 80.00221 79.99246
-0.55000 79.98148 79.99210 79.99415
-0.50000 80.00171 79.99715 79.99415
-0.45000 79.98148 80.00727 79.99078
-0.40000 79.97643 80.01738 79.97730
-0.35000 79.93599 79.97188 79.96213
-0.30000 79.97137 79.99210 79.97224
-0.25000 80.00171 79.97188 79.98572
-0.20000 79.96632 80.00221 79.96213
-0.15000 79.98654 80.02749 79.99415
-0.10000 79.97643 79.99210 79.98235
-0.05000 79.60740 79.83033 79.78688
0.00000 74.74431 75.65981 75.95000
0.05000 69.83572 71.92402 71.70027
0.10000 66.40830 68.98190 68.37395
0.15000 64.18907 66.92443 65.96263
0.20000 62.79383 65.40282 64.28261
0.25000 61.86873 64.34123 63.16879
0.30000 61.34299 63.66888 62.46274
0.35000 60.95879 63.16842 61.98587
0.40000 60.68076 62.82466 61.63369
0.45000 60.55438 62.63257 61.43654
0.50000 60.45327 62.45058 61.28825
0.55000 60.36228 62.33431 61.18040
0.60000 60.30162 62.24332 61.10289
0.65000 60.27129 62.13210 61.03717
0.70000 60.23590 62.10683 60.99673
0.75000 60.21062 62.08660 60.97651
0.80000 60.18535 62.01078 60.92428
0.85000 60.18029 61.99561 60.93101
0.90000 60.15502 61.95517 60.89226
0.95000 60.15502 61.94506 60.88383
1.00000 60.15502 61.91473 60.87709
1.05000 60.09435 61.87429 60.84002
1.10000 60.09435 61.85407 60.83160
1.15000 60.08424 61.79846 60.80632
1.20000 60.08930 61.79846 60.80127
1.25000 60.05391 61.74791 60.75577
1.30000 59.98819 61.73780 60.72544
1.35000 60.01347 61.69735 60.72712
1.40000 59.94775 61.67208 60.67320
1.45000 59.96292 61.66197 60.66983
1.50000 59.90731 61.58108 60.61085
1.55000 59.93764 61.58108 60.62770
1.60000 59.88709 61.53559 60.59063
1.65000 59.85170 61.56086 60.57715
1.70000 59.81632 61.50526 60.55188
1.75000 59.75565 61.44459 60.50637
1.80000 59.74554 61.41932 60.46593
1.85000 59.73038 61.37382 60.43729
1.90000 59.71521 61.31316 60.40864
1.95000 59.70510 61.27272 60.38505
2.00000 59.62422 61.29799 60.35304
2.05000 59.62422 61.27272 60.33619
2.10000 59.62422 61.20700 60.30585
2.15000 59.56356 61.19689 60.27215
2.20000 59.52817 61.14128 60.22160
2.25000 59.52311 61.12106 60.20812
2.30000 59.48773 61.09578 60.18116
2.35000 59.42707 61.07556 60.14577
2.40000 59.44223 60.98962 60.10701
2.45000 59.43718 61.00479 60.10196
2.50000 59.40684 60.95929 60.06826
2.55000 59.33607 60.97951 60.05141
2.60000 59.32596 60.94413 60.01265
2.65000 59.29563 60.87841 59.96884
2.70000 59.29058 60.86830 59.95873
2.75000 59.22486 60.87336 59.93514
2.80000 59.19453 60.81269 59.89470
2.85000 59.19958 60.75203 59.87111
2.90000 59.15408 60.78742 59.84246
2.95000 59.11364 60.72170 59.81550
3.00000 59.12881 60.71159 59.81044
3.05000 59.08837 60.68126 59.77674
3.10000 59.10353 60.67115 59.75147
3.15000 59.07320 60.64587 59.75147
3.20000 59.03276 60.58521 59.72114
3.25000 59.00748 60.60037 59.69417
3.30000 59.03276 60.54477 59.66553
3.35000 58.99737 60.50938 59.65205
3.40000 58.95188 60.50938 59.62846
3.45000 58.94682 60.48916 59.60655
3.50000 58.91143 60.46894 59.58296
3.55000 58.89627 60.48410 59.57285
3.60000 58.86088 60.42850 59.53072
3.65000 58.87099 60.37794 59.53072
3.70000 58.82044 60.37794 59.49196
3.75000 58.82550 60.36783 59.48522
3.80000 58.78505 60.32234 59.43299
3.85000 58.79011 60.29201 59.43636
3.90000 58.74967 60.30212 59.41782
3.95000 58.76989 60.27684 59.40940
4.00000 58.70923 60.26673 59.37738
4.05000 58.74461 60.22629 59.37401
4.10000 58.72439 60.21618 59.35716
4.15000 58.68901 60.23640 59.34368
4.20000 58.65867 60.20607 59.32009
4.25000 58.64856 60.15552 59.30155
4.30000 58.64351 60.10496 59.27796
4.35000 58.61318 60.11507 59.25437
4.40000 58.61823 60.08980 59.24595
4.45000 58.61318 60.07463 59.24932
4.50000 58.55251 60.04936 59.19202
4.55000 58.57779 60.07969 59.22910
4.60000 58.51713 60.02408 59.16506
4.65000 58.49185 60.04936 59.15832
4.70000 58.49691 59.98869 59.14484
4.75000 58.50196 59.96342 59.12125
4.80000 58.49691 59.97353 59.12799
4.85000 58.47163 59.94320 59.09934
4.90000 58.48680 59.93814 59.10103
4.95000 58.41097 59.90781 59.07407
5.00000 58.42613 59.88253 59.05384
5.05000 58.39580 59.90276 59.04711
5.10000 58.39580 59.87242 59.02857
5.15000 58.40591 59.86737 59.04037
5.20000 58.40086 59.83704 59.01341
5.25000 58.36547 59.85220 59.00161
5.30000 58.38569 59.80671 58.98981
5.35000 58.29975 59.78143 58.93589
5.40000 58.34020 59.79154 58.96117
5.45000 58.37053 59.76121 58.96791
5.50000 58.32503 59.83704 58.97296
5.55000 58.28964 59.72077 58.90893
5.60000 58.26437 59.74604 58.90388
5.65000 58.29470 59.76121 58.91736
5.70000 58.26437 59.71066 58.89377
5.75000 58.26437 59.71571 58.88703
5.80000 58.23909 59.68033 58.87523
5.85000 58.25426 59.68033 58.86175
5.90000 58.20371 59.64494 58.83479
5.95000 58.19865 59.68033 58.83310
6.00000 58.20876 59.65505 58.83310
6.05000 58.15315 59.63483 58.80614
6.10000 58.19359 59.62977 58.80445
6.15000 58.15315 59.62977 58.79097
6.20000 58.15315 59.57922 58.76570
6.25000 58.13799 59.61461 58.77076
6.30000 58.12788 59.57922 58.76065
6.35000 58.14810 59.54384 58.74380
6.40000 58.13293 59.57922 58.74716
6.45000 58.14810 59.54384 58.74548
6.50000 58.13293 59.52867 58.73200
6.55000 58.09755 59.52867 58.72863
6.60000 58.05710 59.52867 58.69324
6.65000 58.12788 59.49328 58.70841
6.70000 58.09249 59.50339 58.69998
6.75000 58.07732 59.46295 58.67807
6.80000 58.08744 59.49328 58.68987
6.85000 58.04699 59.45284 58.65448
6.90000 58.06216 59.48317 58.67134
6.95000 58.05710 59.46295 58.66122
7.00000 58.01161 59.44779 58.63932
7.05000 58.01161 59.41240 58.62584
7.10000 58.05710 59.39723 58.62415
7.15000 58.02172 59.42251 58.62079
7.20000 58.04194 59.40229 58.60562
7.25000 58.00655 59.39723 58.60225
7.30000 58.00150 59.40229 58.60225
7.35000 57.96106 59.38207 58.57360
7.40000 57.96611 59.36185 58.56181
7.45000 57.98633 59.34668 58.57529
7.50000 57.99139 59.32646 58.56349
7.55000 57.95094 59.37701 58.56012
7.60000 57.94589 59.32646 58.54327
7.65000 57.92567 59.31635 58.52642
7.70000 57.91050 59.32646 58.51462
7.75000 57.95094 59.30119 58.52137
7.80000 57.92567 59.31130 58.52305
7.85000 57.90039 59.28096 58.49440
7.90000 57.92567 59.27591 58.49946
7.95000 57.88523 59.27085 58.47924
8.00000 57.89028 59.29108 58.48429
8.05000 57.89534 59.29108 58.48935
8.10000 57.92061 59.28602 58.49440
8.15000 57.83973 59.24052 58.45228
8.20000 57.84984 59.22030 58.43543
8.25000 57.84984 59.22030 58.44217
8.30000 57.88017 59.23547 58.45733
8.35000 57.84984 59.16469 58.42700
8.40000 57.82962 59.24052 58.43374
8.45000 57.83467 59.23547 58.43543
8.50000 57.82456 59.19503 58.39667
8.55000 57.80434 59.19503 58.39330
8.60000 57.83973 59.19503 58.40847
8.65000 57.79423 59.17481 58.39667
8.70000 57.77907 59.15458 58.38824
8.75000 57.78918 59.12931 58.37308
8.80000 57.79929 59.19503 58.38319
8.85000 57.77907 59.13942 58.35791
8.90000 57.75379 59.16975 58.37476
8.95000 57.77907 59.13942 58.36128
9.00000 57.71335 59.15964 58.33769
9.05000 57.76390 59.10909 58.34106
9.10000 57.77907 59.12425 58.35117
9.15000 57.74874 59.15964 58.35286
9.20000 57.75379 59.12931 58.34106
9.25000 57.71841 59.07876 58.30399
9.30000 57.70829 59.07876 58.29557
9.35000 57.73863 59.10909 58.33264
9.40000 57.72346 59.06359 58.29557
9.45000 57.70829 59.07370 58.29725
9.50000 57.71841 59.04842 58.28377
9.55000 57.75885 59.04337 58.29388
9.60000 57.71841 59.07370 58.29220
9.65000 57.73863 59.07370 58.31073
9.70000 57.71841 59.06865 58.28040
9.75000 57.68807 59.04337 58.28040
9.80000 57.70324 59.02315 58.26692
9.85000 57.67796 59.04337 58.27029
