-5.05000 80.01885 79.95727 79.98806
-5.00000 80.00369 79.99265 79.99817
-4.95000 79.99358 79.99265 79.99312
-4.90000 80.01380 79.98760 80.00070
-4.85000 79.97336 79.95221 79.96279
-4.80000 80.05424 80.00276 80.02850
-4.75000 80.01380 79.99265 80.00323
-4.70000 80.01380 79.99265 80.00323
-4.65000 79.96830 80.01287 79.99059
-4.60000 80.00369 79.99771 80.00070
-4.55000 80.00874 80.01287 80.01081
-4.50000 80.01885 80.00276 80.01081
-4.45000 80.00369 80.00782 80.00576
-4.40000 80.01885 79.98760 80.00323
-4.35000 80.01885 79.98254 80.00070
-4.30000 79.99863 80.03815 80.01839
-4.25000 79.92786 79.97749 79.95268
-4.20000 80.00874 79.93199 79.97037
-4.15000 79.95819 80.00782 79.98301
-4.10000 79.93797 79.98760 79.96279
-4.05000 79.95819 80.00276 79.98048
-4.00000 79.96325 79.95727 79.96026
-3.95000 79.97336 79.94210 79.95773
-3.90000 79.97841 79.94716 79.96279
-3.85000 79.91270 79.93199 79.92235
-3.80000 79.95314 79.96738 79.96026
-3.75000 79.98347 79.97749 79.98048
-3.70000 79.97336 79.95727 79.96532
-3.65000 79.94303 79.96232 79.95268
-3.60000 79.95819 79.94716 79.95268
-3.55000 79.96830 79.91177 79.94004
-3.50000 79.98852 79.92694 79.95773
-3.45000 79.95819 79.93705 79.94762
-3.40000 80.00369 79.93705 79.97037
-3.35000 79.99863 79.90166 79.95015
-3.30000 80.01885 79.90672 79.96279
-3.25000 79.98852 79.93199 79.96026
-3.20000 79.98852 79.90672 79.94762
-3.15000 80.00369 79.94210 79.97290
-3.10000 79.97841 79.95221 79.96531
-3.05000 80.00874 79.94210 79.97542
-3.00000 80.05930 79.95727 80.00829
-2.95000 80.00874 79.90166 79.95520
-2.90000 79.96830 79.92188 79.94509
-2.85000 79.99358 79.97243 79.98301
-2.80000 80.01380 79.95221 79.98301
-2.75000 80.00369 79.93199 79.96784
-2.70000 80.02391 79.90166 79.96279
-2.65000 79.97841 79.87638 79.92740
-2.60000 79.99863 79.88649 79.94256
-2.55000 79.98852 79.90166 79.94509
-2.50000 80.00874 79.91177 79.96026
-2.45000 80.01885 79.88144 79.95015
-2.40000 79.99358 79.87133 79.93246
-2.35000 79.96830 79.87133 79.91982
-2.30000 79.97841 79.88144 79.92993
-2.25000 79.96325 79.86627 79.91476
-2.20000 80.01885 79.85616 79.93751
-2.15000 79.97336 79.87638 79.92487
-2.10000 80.00369 79.88144 79.94257
-2.05000 80.00369 79.86122 79.93246
-2.00000 79.95819 79.87638 79.91729
-1.95000 79.97841 79.89155 79.93498
-1.90000 79.97841 79.87133 79.92487
-1.85000 79.96830 79.85111 79.90971
-1.80000 79.99358 79.90166 79.94762
-1.75000 79.99358 79.91683 79.95521
-1.70000 79.98347 79.88649 79.93498
-1.65000 79.96830 79.90672 79.93751
-1.60000 79.97841 79.95221 79.96531
-1.55000 79.95314 79.93199 79.94257
-1.50000 79.98347 79.97749 79.98048
-1.45000 79.97841 79.97243 79.97542
-1.40000 80.02391 79.98254 80.00323
-1.35000 79.99863 79.96738 79.98301
-1.30000 79.97336 79.97749 79.97543
-1.25000 79.99358 79.98760 79.99059
-1.20000 80.00369 79.97243 79.98806
-1.15000 80.01380 79.96738 79.99059
-1.10000 80.01885 79.96738 79.99312
-1.05000 80.02391 79.98254 80.00323
-1.00000 80.02391 79.98760 80.00576
-0.95000 80.00369 80.00782 80.00576
-0.90000 80.00369 79.99265 79.99817
-0.85000 79.99358 79.96738 79.98048
-0.80000 79.99358 79.99265 79.99312
-0.75000 80.01380 79.99265 80.00323
-0.70000 80.04413 80.00276 80.02345
-0.65000 80.02391 80.00276 80.01334
-0.60000 80.01885 80.01287 80.01586
-0.55000 80.01885 80.00782 80.01334
-0.50000 80.04413 79.98760 80.01587
-0.45000 80.02897 79.99771 80.01334
-0.40000 80.03402 80.00276 80.01839
-0.35000 80.00369 80.02298 80.01334
-0.30000 80.01885 79.99265 80.00575
-0.25000 80.00874 79.95727 79.98301
-0.20000 80.02391 80.02804 80.02598
-0.15000 80.02391 79.98254 80.00323
-0.10000 80.01380 79.99771 80.00576
-0.05000 79.99358 79.98254 79.98806
0.00000 77.60753 73.37036 75.48895
0.05000 63.25584 62.85555 63.05570
0.10000 56.41614 56.67809 56.54712
0.15000 53.20608 53.56408 53.38508
0.20000 51.80073 52.25983 52.03028
0.25000 51.32554 51.68354 51.50454
0.30000 51.25982 51.59254 51.42618
0.35000 51.33059 51.65321 51.49190
0.40000 51.53280 51.78464 51.65872
0.45000 51.70468 51.97169 51.83819
0.50000 51.90689 52.11829 52.01259
0.55000 52.04843 52.23961 52.14402
0.60000 52.18493 52.43677 52.31085
0.65000 52.33153 52.52270 52.42712
0.70000 52.47813 52.62381 52.55097
0.75000 52.59440 52.70469 52.64955
0.80000 52.65001 52.77547 52.71274
0.85000 52.71067 52.84624 52.77846
0.90000 52.80166 52.91196 52.85681
0.95000 52.77639 52.92712 52.85176
1.00000 52.87244 52.95745 52.91495
1.05000 52.86232 53.01306 52.93769
1.10000 52.91288 53.06361 52.98825
1.15000 52.92804 53.06361 52.99583
1.20000 52.95332 53.05856 53.00594
1.25000 52.95332 53.08889 53.02111
1.30000 52.94321 53.07372 53.00847
1.35000 52.89266 53.06867 52.98067
1.40000 52.91793 53.07878 52.99836
1.45000 52.92804 53.05856 52.99330
1.50000 52.91793 53.07878 52.99836
1.55000 52.91288 53.09394 53.00341
1.60000 52.85221 53.06361 52.95791
1.65000 52.84716 53.02317 52.93517
1.70000 52.81177 53.02823 52.92000
1.75000 52.84210 53.02317 52.93264
1.80000 52.77639 52.97262 52.87451
1.85000 52.76122 52.98273 52.87198
1.90000 52.73594 52.99789 52.86692
1.95000 52.72078 52.96251 52.84165
2.00000 52.67528 52.94229 52.80879
2.05000 52.68034 52.88668 52.78351
2.10000 52.65506 52.91196 52.78351
2.15000 52.60956 52.87657 52.74307
2.20000 52.58934 52.86140 52.72537
2.25000 52.58934 52.85635 52.72285
2.30000 52.54890 52.82602 52.68746
2.35000 52.52363 52.81591 52.66977
2.40000 52.48824 52.80074 52.64449
2.45000 52.47307 52.74008 52.60658
2.50000 52.45285 52.76030 52.60658
2.55000 52.43769 52.74008 52.58889
2.60000 52.40736 52.72997 52.56867
2.65000 52.36186 52.68953 52.52570
2.70000 52.32647 52.70975 52.51811
2.75000 52.33658 52.68953 52.51306
2.80000 52.32647 52.63392 52.48020
2.85000 52.28603 52.63392 52.45998
2.90000 52.26075 52.57831 52.41953
2.95000 52.24053 52.54293 52.39173
3.00000 52.22031 52.58337 52.40184
3.05000 52.17987 52.55304 52.36646
3.10000 52.15965 52.52776 52.34371
3.15000 52.11921 52.49743 52.30832
3.20000 52.10404 52.48732 52.29568
3.25000 52.14448 52.44688 52.29568
3.30000 52.07877 52.43171 52.25524
3.35000 52.03327 52.41149 52.22238
3.40000 52.03327 52.41149 52.22238
3.45000 52.02316 52.38621 52.20469
3.50000 51.99283 52.40138 52.19711
3.55000 51.95239 52.32555 52.13897
3.60000 51.96250 52.33566 52.14908
3.65000 51.91194 52.34072 52.12633
3.70000 51.91700 52.32555 52.12128
3.75000 51.85634 52.27500 52.06567
3.80000 51.86139 52.29522 52.07831
3.85000 51.83612 52.24467 52.04040
3.90000 51.80578 52.24467 52.02523
3.95000 51.83612 52.21939 52.02776
4.00000 51.80073 52.24972 52.02523
4.05000 51.80073 52.19411 51.99742
4.10000 51.75523 52.20928 51.98226
4.15000 51.72996 52.16884 51.94940
4.20000 51.70974 52.18906 51.94940
4.25000 51.71479 52.15873 51.93676
4.30000 51.66929 52.18400 51.92665
4.35000 51.67435 52.14356 51.90896
4.40000 51.66929 52.11323 51.89126
4.45000 51.61874 52.12840 51.87357
4.50000 51.62885 52.10818 51.86852
4.55000 51.59347 52.08290 51.83819
4.60000 51.60863 52.07279 51.84071
4.65000 51.60358 52.04246 51.82302
4.70000 51.58335 52.02224 51.80280
4.75000 51.50753 52.02729 51.76741
4.80000 51.52775 52.03235 51.78005
4.85000 51.52269 52.00707 51.76488
4.90000 51.50247 51.98180 51.74214
4.95000 51.50753 51.97674 51.74214
5.00000 51.46708 51.97674 51.72191
5.05000 51.45697 51.96157 51.70927
5.10000 51.44686 51.95146 51.69916
5.15000 51.42664 51.97169 51.69917
5.20000 51.43170 51.95146 51.69158
5.25000 51.41653 51.92113 51.66883
5.30000 51.41653 51.93124 51.67389
5.35000 51.41653 51.89586 51.65620
5.40000 51.37104 51.91102 51.64103
5.45000 51.33059 51.88069 51.60564
5.50000 51.31543 51.88069 51.59806
5.55000 51.32554 51.86553 51.59554
5.60000 51.30026 51.86553 51.58290
5.65000 51.27499 51.84530 51.56015
5.70000 51.29015 51.82003 51.55509
5.75000 51.28510 51.85036 51.56773
5.80000 51.29015 51.81497 51.55256
5.85000 51.23960 51.80486 51.52223
5.90000 51.22443 51.79981 51.51212
5.95000 51.23960 51.82003 51.52982
6.00000 51.22443 51.78464 51.50454
6.05000 51.20927 51.79981 51.50454
6.10000 51.18399 51.75431 51.46915
6.15000 51.19410 51.74420 51.46915
6.20000 51.19916 51.76442 51.48179
6.25000 51.13344 51.76442 51.44893
6.30000 51.13850 51.76442 51.45146
6.35000 51.16377 51.72903 51.44640
6.40000 51.14861 51.74926 51.44894
6.45000 51.10311 51.72398 51.41355
6.50000 51.10311 51.69870 51.40091
6.55000 51.13850 51.67343 51.40597
6.60000 51.07278 51.72903 51.40091
6.65000 51.09300 51.71892 51.40596
6.70000 51.07783 51.71892 51.39838
6.75000 51.09300 51.68859 51.39080
6.80000 51.06772 51.67343 51.37058
6.85000 51.06267 51.66332 51.36300
6.90000 51.06772 51.68354 51.37563
6.95000 51.05256 51.64310 51.34783
7.00000 51.03234 51.68354 51.35794
7.05000 51.04750 51.65321 51.35036
7.10000 50.99189 51.61276 51.30233
7.15000 51.01717 51.63804 51.32761
7.20000 50.96662 51.64815 51.30739
7.25000 50.99189 51.61276 51.30233
7.30000 51.01211 51.60265 51.30738
7.35000 50.96662 51.62288 51.29475
7.40000 50.95145 51.59760 51.27453
7.45000 50.95145 51.59760 51.27453
7.50000 50.94640 51.55716 51.25178
7.55000 50.94134 51.57232 51.25683
7.60000 50.90596 51.54705 51.22651
7.65000 50.98178 51.57232 51.27705
7.70000 50.91607 51.60771 51.26189
7.75000 50.93629 51.56727 51.25178
7.80000 50.90090 51.55716 51.22903
7.85000 50.93123 51.59254 51.26189
7.90000 50.89079 51.56221 51.22650
7.95000 50.89584 51.53188 51.21386
8.00000 50.89079 51.53694 51.21387
8.05000 50.88068 51.53188 51.20628
8.10000 50.88573 51.54199 51.21386
8.15000 50.88068 51.53694 51.20881
8.20000 50.86551 51.52177 51.19364
8.25000 50.85035 51.48133 51.16584
8.30000 50.87562 51.48638 51.18100
8.35000 50.88068 51.50661 51.19365
8.40000 50.85540 51.49649 51.17595
8.45000 50.85035 51.47627 51.16331
8.50000 50.85540 51.44594 51.15067
8.55000 50.84024 51.45100 51.14562
8.60000 50.84024 51.46616 51.15320
8.65000 50.83013 51.48638 51.15826
8.70000 50.82507 51.48638 51.15573
8.75000 50.85035 51.45100 51.15068
8.80000 50.80485 51.46111 51.13298
8.85000 50.80991 51.47122 51.14057
8.90000 50.82507 51.46111 51.14309
8.95000 50.79980 51.44594 51.12287
9.00000 50.79980 51.41056 51.10518
9.05000 50.77452 51.44089 51.10771
9.10000 50.77452 51.42572 51.10012
9.15000 50.78463 51.40550 51.09507
9.20000 50.75935 51.41561 51.08748
9.25000 50.74419 51.41561 51.07990
9.30000 50.75935 51.41561 51.08748
9.35000 50.75935 51.39539 51.07737
9.40000 50.75935 51.41561 51.08748
9.45000 50.74419 51.44594 51.09507
9.50000 50.74419 51.41561 51.07990
9.55000 50.72902 51.38528 51.05715
9.60000 50.70880 51.40045 51.05463
9.65000 50.73408 51.42067 51.07738
9.70000 50.71386 51.37517 51.04452
9.75000 50.71891 51.38528 51.05210
9.80000 50.71891 51.40550 51.06221
9.85000 50.71891 51.39034 51.05463
9.90000 50.69869 51.38528 51.04199
